OPERATOR_ID=0.0.5148836
OPERATOR_KEY=3030020100300706052b8104000a04220420219caf26b7175605b8d3dfff7f8aac24861189d776f4221310ec202f46daf5de
USER_ID=0.0.5148690
USER_KEY=302e020100300506032b65700422042036b7cfc0059d720eca4a974b39da90e39a86b539f11e6fcbaf5660f886a1bb93